698.2348,775.3561
698.123,769.63745
698.5399,764.4068
698.712,760.01746
698.628,755.69525
698.5726,751.1522
698.6132,746.57434
699.22705,737.3175
699.19324,731.57404
699.06903,728.6755
696.8441,724.30695
697.82025,720.7451
698.4602,717.7524
703.9323,701.6605
688.7561,701.81445
684.85815,709.5885
691.2422,702.7721
692.79034,694.87024
705.5917,692.9911
710.86414,674.73413
716.44385,672.62775
714.4402,675.0661
722.3142,670.2839
722.8031,691.389
731.119,681.7542
737.7227,674.87823
730.6795,671.54504
728.7136,675.3757
730.32294,672.3387
735.878,677.4596
736.2907,677.29407
739.1532,685.50024
731.3168,699.5745
722.7013,691.2994
716.3596,706.3861
715.2038,700.7119
706.8487,710.88275
707.6218,722.0464
707.0027,710.6941
706.9494,707.3638
710.81226,704.4568
705.9829,704.0743
703.46277,704.29114
707.0197,704.8369
704.1886,707.2607
707.17535,707.3575
706.0852,710.1467
708.15216,705.2855
713.5777,702.4784
711.3264,702.2824
697.00775,707.37274
706.0139,704.57874
691.7948,701.7209
700.3917,702.83624
702.153,694.499
699.439,689.482
698.4967,695.3732
695.4841,691.4426
690.6947,682.7172
688.4497,679.6373
689.652,685.26843
688.8036,689.3196
694.36993,699.1074
698.2308,693.2593
697.8606,698.4119
694.28436,696.15546
687.1119,674.86145
675.8109,678.9043
676.0427,679.0477
672.19727,665.82983
672.7125,666.791
676.5347,659.2637
672.12933,663.145
680.79724,663.37714
684.41364,661.2894
683.03424,660.8973
680.1525,656.8146
690.25073,648.52216
694.1424,652.35693
702.41675,649.1749
700.16187,648.1044
702.064,648.7444
709.2301,656.6758
716.7669,661.78455
715.8148,665.112
715.9925,662.02185
712.4748,659.5011
707.92847,659.43384
703.21625,654.3855
712.1388,655.10767
715.8864,660.548
714.8092,661.39014
716.7165,650.91113
719.6149,664.7324
723.8587,641.09973
732.40155,647.46735
727.9657,646.164
737.1095,636.1789
742.7292,632.12476
753.58936,629.4204
746.3207,623.86096
748.25525,621.35394
749.81256,620.65515
748.31604,618.9447
745.6214,612.6763
745.2572,613.8043
739.03094,616.24194
737.14215,616.0962
739.25934,624.87646
728.62665,617.366
725.74554,616.3636
725.02704,618.9153
726.3987,615.7091
723.83594,614.7024
726.53357,599.57434
728.5904,599.2283
730.10504,606.12854
733.6993,614.1205
730.599,606.3494
729.1337,605.5759
736.3493,605.6286
728.53973,585.5838
727.36456,576.0958
724.92896,577.28876
727.47205,578.3375
728.79456,570.6843
723.099,562.2395
724.01416,561.0763
720.7629,550.88696
714.9873,545.5061
712.50525,545.3197
717.808,543.10986
716.3405,542.65515
718.42883,548.25714
718.3017,548.63
715.8123,552.2075
719.5091,556.56305
721.19916,561.56586
714.38214,563.8418
719.9048,562.8706
719.04266,566.50415
717.05896,569.82153
708.3173,568.5575
700.17896,556.0843
694.12805,552.2553
691.0582,544.6653
691.3916,544.23956
695.1868,542.9088
695.8936,545.26917
695.523,546.27966
697.4182,549.638
700.43945,554.66223
704.1025,556.2676
710.2193,558.2595
709.0785,559.41406
703.32446,557.3108
706.21533,555.456
707.4634,558.62463
710.9914,565.92957
716.26526,573.6516
715.2029,568.594
715.1825,572.35645
708.2113,567.082
703.3823,570.2936
698.95105,564.3884
694.9171,551.04346
696.37616,544.22266
700.222,549.5066
705.4904,543.1947
709.83435,545.86584
713.5221,543.3989
716.1044,544.4281
720.16437,546.87994
717.7099,549.7677
716.53625,556.0632
723.405,557.72186
719.5424,565.0333
721.44934,576.1128
723.0994,579.79785
721.01074,582.61505
721.5761,582.89185
721.0665,577.9535
719.1017,577.3878
719.99084,573.94073
720.59766,579.37683
720.2328,579.9739
728.4502,577.60846
728.82446,571.8986
724.25073,571.72284
726.0558,570.1067
726.04315,567.23
717.34045,570.99384
711.99634,578.8836
714.0072,580.2517
709.3014,581.96106
713.4096,591.59375
709.5822,591.9088
705.35223,599.03326
702.4938,601.08105
703.2901,604.9898
705.6689,609.2372
709.37646,619.19336
712.0687,610.2367
714.0264,605.8096
712.07764,595.43774
712.3861,583.35315
710.83777,576.3806
709.45996,570.3264
708.48157,561.5017
710.8232,565.3215
709.4178,566.23206
706.00433,564.0741
706.53876,558.78296
703.1603,558.5714
703.98126,558.33514
707.5405,560.25854
707.3565,559.8245
702.3011,557.5658
702.0117,564.90796
701.50464,563.91797
701.64417,568.9312
700.8443,579.01855
705.28064,587.0648
701.49756,587.1591
691.6713,594.94165
687.3724,596.67175
691.84235,598.1193
700.2923,586.6394
698.9754,582.8103
699.7897,582.6251
691.5528,576.9275
690.2682,571.12427
682.35986,567.54156
674.63446,567.26526
668.46375,568.201
660.1859,571.081
666.3401,565.45026
665.5722,571.2837
665.8264,574.9959
668.5327,583.43384
675.25446,586.14075
677.75793,587.90454
677.8185,592.53925
682.35956,591.8214
689.174,591.98895
693.0107,592.33484
684.7777,578.12756
693.87787,570.72473
686.08453,577.8965
692.4781,581.19366
688.77625,581.5288
696.59235,577.81177
699.943,585.234
700.07434,581.11304
700.7119,571.15735
698.79016,564.26483
701.12177,556.7209
700.32806,556.0264
704.2634,545.2757
709.22437,542.6411
710.3185,541.4958
712.37146,539.382
714.32874,532.5401
713.0034,531.0797
712.5234,528.9635
710.4964,529.606
707.39264,530.57007
701.67554,529.27094
697.765,534.65686
685.4999,534.7318
685.8961,534.4866
684.495,540.5637
683.5791,535.39124
687.2248,539.2077
687.3463,543.31104
685.6809,534.47876
678.1846,537.0931
682.32404,540.61755
681.39685,539.3965
682.0026,535.0958
683.83795,533.9563
675.17535,533.60144
671.04663,525.6489
674.3275,520.4192
678.26324,520.6335
688.0364,511.11542
690.24176,509.16486
688.3451,511.52692
681.0108,514.99554
684.0566,516.3486
685.80634,520.15015
681.48193,522.5273
682.4903,529.12463
681.53186,535.6388
687.79486,527.4751
689.8445,528.2931
689.2379,532.98145
686.87164,538.5249
694.05524,521.5874
688.5653,514.96387
686.8506,511.25388
688.71106,507.30652
696.3749,501.783
694.98535,501.7719
702.2798,493.04468
704.2493,488.31213
705.4116,490.0826
701.6051,495.32462
699.5303,487.36957
698.9905,490.44037
702.23987,493.37213
702.33344,486.1219
696.7119,483.52014
696.3867,487.2688
696.8313,490.69745
699.1693,482.29523
697.5477,474.46582
697.387,479.6767
697.25574,473.5067
694.0264,465.87567
694.6316,465.69464
694.5545,460.12402
690.4498,456.15723
692.6866,450.99707
697.9681,447.29034
701.68555,445.11206
701.3294,439.62476
700.6205,437.40747
702.4326,435.95392
701.03534,434.64172
702.3,435.06378
702.7239,435.93494
699.1785,440.36957
698.44507,446.89307
694.9342,447.32452
691.8236,452.74176
693.4196,452.8664
694.95526,451.91028
695.5591,458.05414
697.09924,454.33643
688.2161,446.23602
687.0626,440.72876
687.34326,442.04907
692.37384,441.54987
688.4989,437.25226
681.2144,429.58765
684.81396,428.5343
687.4283,423.54993
687.59045,419.72827
689.2311,421.41724
693.5755,419.88434
697.80176,421.55316
697.27435,424.83252
694.4966,430.99945
695.45825,430.48657
694.14404,438.06244
693.0714,437.60315
691.69867,441.91254
693.8501,444.4859
694.49066,445.58386
692.1916,439.05713
691.99243,432.88354
696.6255,429.5786
698.8331,427.66052
698.3346,428.69934
699.4227,431.2141
698.3643,427.39417
700.56366,428.35773
703.9054,425.6902
707.9559,431.59277
700.1531,429.65466
696.8405,428.46362
696.5385,420.37793
698.6153,426.0973
700.3622,420.844
697.9442,418.58643
699.87164,417.60992
701.8208,414.8816
698.88275,414.8017
697.1116,408.55878
704.3279,403.39307
708.66895,403.54425
710.2257,401.7177
711.2175,398.26166
709.00977,393.8938
708.6744,395.9345
713.78436,392.93115
714.5588,395.16943
710.9515,390.54315
713.81024,388.12292
715.07855,386.2622
713.44257,386.63574
713.36237,388.46356
708.7919,385.3844
706.874,383.1584
706.0236,378.13855
710.50964,377.80865
711.4079,383.68384
715.55225,385.1317
719.20575,384.7375
719.925,383.53113
719.72003,384.36224
719.5635,389.471
720.32526,394.67682
718.72516,404.44232
723.4515,405.8734
723.1503,409.92383
722.48627,415.32812
722.76556,425.19556
721.9067,426.14917
714.67926,427.3476
715.3587,433.55243
713.9074,433.85175
711.26337,431.3451
710.457,434.93195
709.1271,433.12134
706.04,423.1974
707.49225,408.81177
703.6175,395.35815
699.8035,389.90393
698.8564,387.2879
702.3132,379.97076
701.10455,374.93982
698.3839,373.601
702.2898,367.19702
703.0848,361.10498
703.2509,360.33252
705.6761,360.08594
704.7964,357.5788
705.04236,356.12372
710.1361,359.6847
711.41064,361.7016
713.9118,366.0824
714.9111,372.89795
715.0146,382.30347
714.92004,393.1446
709.4044,398.17664
706.2146,407.03955
707.33655,412.6754
705.42676,413.59314
700.66614,415.24573
699.26483,414.4751
696.2579,405.34015
691.976,398.65863
693.67395,392.3023
695.9652,384.76465
698.07874,382.06317
700.2661,382.61713
711.4694,375.77112
716.3833,368.44788
722.98663,365.05994
726.9789,366.6427
725.8962,362.13977
728.71185,358.97266
736.41003,353.47607
738.21313,354.77625
739.6456,353.72302
736.3648,352.88953
732.99115,349.63556
732.35364,347.36163
728.1828,346.80518
730.9455,344.37207
732.0785,345.18298
728.1684,348.1624
724.7039,353.51514
719.8322,358.72174
714.7791,365.4181
710.6278,371.24493
709.1253,381.10962
704.6117,391.74866
708.55334,397.62164
709.9417,395.08496
712.97034,396.57495
714.79224,398.2414
716.63885,395.6026
717.5844,399.83154
714.24854,405.94025
709.4061,404.28107
706.1305,403.38257
710.708,395.98657
715.30914,390.72345
718.4966,386.93152
721.9333,382.87177
720.4367,381.1046
721.1411,379.1925
721.38806,376.57764
718.07227,369.17853
716.4298,369.36365
715.4053,369.82324
714.04846,371.17206
712.6929,372.48267
708.2052,370.75806
706.7742,369.239
709.35223,365.53088
713.86237,367.47778
717.5552,366.3153
719.695,369.59137
725.01843,371.73926
730.0539,376.01538
733.5126,381.7508
732.24066,384.22144
730.49255,386.22778
728.4569,389.0171
731.9151,392.10706
732.50745,399.22656
732.07074,405.10242
733.3802,409.3139
730.53644,414.96234
731.2166,413.55542
730.34595,417.20178
733.5721,417.27832
732.60364,409.661
727.8906,408.94202
729.5542,405.78394
733.5855,400.35797
737.4335,396.35522
739.8217,389.51367
743.4806,382.67328
751.2018,373.9447
752.02374,367.404
755.10913,362.1364
758.6099,361.7876
760.9323,365.74634
757.7078,369.15808
759.4373,370.2622
761.5328,375.19928
763.165,383.29645
763.39453,392.4795
762.28265,395.92383
759.56586,401.67206
756.01135,407.9162
759.89703,413.64496
757.7668,410.97858
756.4,411.72668
757.9955,418.9937
757.07263,421.32562
753.88885,416.0365
752.8167,410.51324
752.61835,406.83447
750.8011,404.2151
750.9141,396.85638
750.33777,390.62793
751.61395,385.15662
754.45905,378.45367
752.4699,373.9037
753.5137,372.52222
754.55743,373.5907
756.47955,375.0542
757.4482,378.05133
761.4294,376.26306
765.9087,383.02716
767.061,386.26
770.1203,385.16943
766.5168,387.07776
767.0699,377.58826
761.9417,372.59332
765.67804,368.96008
770.78064,365.58746
772.067,367.87482
772.85944,368.32275
766.6397,368.78473
764.0863,364.1175
762.65326,356.10626
761.74274,348.2765
758.4224,343.39484
756.73303,342.4168
755.89667,340.5548
754.4865,338.53198
756.1969,338.849
755.75775,338.3412
757.7543,341.7398
758.2579,346.3208
758.9462,352.06598
758.703,356.08594
758.32367,358.51807
758.73254,360.36346
763.54083,363.7433
761.71875,369.6554
762.146,373.72498
761.5689,373.27966
761.8559,361.83075
765.64886,354.59314
768.18054,352.0205
770.06354,334.8932
764.93524,329.11365
766.6581,315.5246
767.9367,304.41113
770.4061,292.31287
769.0361,282.46606
765.97394,279.1761
769.2906,276.75128
769.78925,278.95343
766.45123,284.5332
770.37317,286.46765
772.1918,284.0188
773.26,284.3874
782.25385,286.614
784.71454,291.5899
788.151,296.65955
794.21735,301.6402
795.3619,307.9817
799.7219,310.86432
801.4253,318.24744
800.52905,324.94562
799.7805,325.75513
797.6902,327.62457
787.7449,327.39508
783.7976,329.7943
781.2107,327.86987
778.81244,330.69177
777.72174,317.33923
781.2035,306.98804
782.89795,306.00098
784.7959,307.23187
781.11804,305.23145
778.9001,301.37427
778.2119,302.5133
774.642,304.37158
769.3244,308.32275
771.8041,303.26294
768.6887,299.16174
763.9361,299.0666
765.0701,296.635
765.09015,292.69708
765.1093,294.99213
764.72253,296.057
762.6986,297.5982
764.5987,297.60156
771.0875,299.97504
777.4269,304.0111
783.5611,301.30975
787.94366,297.2234
786.6886,298.08002
777.8573,291.0617
791.8365,285.51605
791.5914,282.7124
791.44727,277.9367
790.33105,275.04596
791.9659,270.6754
797.90393,267.5907
801.1745,267.88025
804.91785,270.8861
808.52234,271.58405
811.9405,273.90662
814.16016,277.58044
811.02045,284.15173
813.32043,283.92047
815.6903,289.23907
814.8227,294.03015
812.6481,299.039
811.58215,302.12408
809.39087,306.42737
810.5185,305.98163
808.6728,312.03223
812.94226,312.4032
814.7854,313.2608
822.3343,311.76227
826.8179,295.30786
832.57587,286.688
835.8524,280.5537
838.3331,277.67065
846.4983,277.8238
845.13574,269.00214
842.9705,266.34222
844.583,263.26587
845.8827,262.67938
843.603,260.59082
844.07605,263.03516
843.9911,263.13513
843.54224,264.5445
841.6037,269.11725
839.46375,275.463
838.0067,283.4671
835.6413,280.68024
844.6979,270.59302
849.3654,269.68457
855.06915,275.8697
856.77515,276.73846
854.7438,276.37817
853.75,277.3352
852.65857,278.44122
850.9716,277.16675
850.61194,279.68677
848.7754,272.34973
845.5131,265.5669
843.9867,266.1294
843.56903,263.94165
844.2495,258.71777
839.2838,256.45532
833.83673,253.1997
826.59607,253.56982
821.8148,252.29114
821.1602,253.5271
821.35205,256.74115
822.05725,256.9104
823.88855,259.77722
825.7225,265.0951
825.0736,269.32874
828.2858,275.0069
826.60913,280.54675
823.31244,287.05457
818.2531,290.0359
816.39014,295.13196
814.88715,298.06006
816.56384,295.09534
816.09106,290.9084
814.68097,284.8069
814.6376,268.15247
814.5537,262.7069
812.5339,257.35168
810.51404,254.44647
808.999,254.44092
811.1929,250.15259
813.1396,248.65497
812.2229,248.19775
809.2835,246.06738
809.3783,244.99878
807.2734,244.69525
802.6504,247.06927
798.0274,251.89331
797.8277,259.9474
798.14417,265.1388
799.5919,272.99133
798.4865,277.7765
797.7249,283.4806
796.68726,283.7602
796.923,289.62244
796.74084,290.15698
795.9519,292.8224
794.7902,294.41077
793.2344,285.5569
786.76746,271.83234
787.87427,258.92365
784.3953,246.53137
782.9787,229.7987
783.0225,219.94373
783.2345,211.46442
783.57275,207.30933
783.9783,205.25061
782.8722,203.4466
781.62463,202.98755
781.50793,197.52417
780.2178,187.2956
778.9276,179.51697
777.8748,174.08588
777.19904,173.586
774.4669,177.29022
773.25037,183.01093
771.6425,190.48816
769.70886,199.85376
765.1025,206.88184
760.76447,209.84973
759.92926,215.8855
766.12915,217.42603
768.955,214.06537
771.7809,213.15466
771.5171,212.34314
758.72833,205.1416
765.9669,212.90625
765.45154,213.11969
760.2906,213.21667
755.12964,215.76361
753.435,217.40906
754.1574,219.47803
758.4364,221.61292
764.2876,216.03473
771.3393,206.68176
776.4942,203.9602
780.7083,202.14679
784.9224,202.78339
789.13654,205.87
794.60114,212.46857
798.1852,216.21619
799.6674,211.1878
801.4094,210.89581
800.7282,217.2909
802.12585,217.01794
802.6989,222.32483
798.9905,214.64148
791.9414,209.4646
788.10626,209.93115
787.0998,207.16571
785.1719,197.57733
788.70746,186.95477
791.6585,179.62695
785.844,166.3822
779.0111,155.15918
779.2362,148.16333
776.81274,144.44836
774.0149,143.30432
775.1084,144.9162
777.1508,146.99481
780.20416,150.20398
783.2575,155.86328
786.3108,163.97241
788.7979,171.21692
792.0333,177.052
793.062,181.30054
796.63477,183.43286
805.4235,186.1488
809.211,186.8017
811.85565,188.74023
813.3926,190.43518
812.1212,190.07275
816.4534,180.518
821.8146,174.26025
825.475,172.30737
829.13544,172.80457
834.413,173.27124
840.0712,168.64203
837.54913,151.16199
835.027,136.13196
832.5049,123.55188
829.9828,113.421875
827.4607,105.74182
824.9386,100.51178
822.41644,97.73169
819.89435,97.40167
817.37225,99.52161
814.8501,104.09155
812.328,111.11157
810.35095,111.61682
808.7372,108.59558
807.1235,108.02429
803.91907,97.82501
799.65424,82.02368
792.4664,67.14154
773.5865,48.58618
754.7066,32.480896
735.8267,18.825562
716.94684,7.6203003
698.06696,-1.1350098
679.1871,-7.4403076
660.3072,-11.295654
